<svg aria-hidden="true" xmlns="http://www.w3.org/2000/svg" xmlns:xlink="http://www.w3.org/1999/xlink"><symbol viewBox="0 0 40 40" fill="none" id="appliance-repair" xmlns="http://www.w3.org/2000/svg">
<rect width="40" height="40" fill="currentColor"/>
<path d="M28.6798 7.95473C28.1228 8.53409 27.8191 9.31066 27.8355 10.1136C27.8697 11.7856 29.2549 13.1134 30.9294 13.0793C31.7335 13.0629 32.4981 12.7282 33.0551 12.1488L37.0855 7.95657C37.8824 9.53889 38.1685 11.329 37.9043 13.0804C37.6401 14.8318 36.8387 16.4584 35.6103 17.7361C34.3819 19.0138 32.7871 19.8798 31.0454 20.2149C29.3036 20.55 27.5007 20.3376 25.8849 19.6071C23.7516 18.0192 22.8051 17.0993 21.5095 15.413C20.7126 13.8307 20.4265 12.0405 20.6907 10.2891C20.9549 8.53774 21.7564 6.91119 22.9847 5.63348C24.2131 4.35578 25.808 3.48976 27.5497 3.15468C29.2914 2.8196 31.0943 3.03194 32.7102 3.76246L28.6798 7.95473Z" fill="currentColor"/>
<path d="M13.6158 23.7865L18.0138 27.9566L11.4846 34.8827C10.9276 35.462 10.1629 35.7967 9.35881 35.8131C8.5547 35.8295 7.77699 35.5263 7.19678 34.9701C6.61658 34.4139 6.2814 33.6504 6.26498 32.8474C6.24856 32.0445 6.55225 31.2679 7.10923 30.6886L13.6158 23.7865Z" fill="currentColor"/>
<path d="M19.1656 16.3031L33.4581 29.8549C34.8708 31.1944 34.946 33.4181 33.6269 34.8497C32.2781 36.3136 29.99 36.3907 28.5454 35.021L14.2529 21.4692C13.0889 20.3655 12.8329 18.6618 13.5166 17.2953L6.88164 10.8991L5.65128 12.1289L2 7.21036L4.25829 4.7162L9.53806 8.24396L8.31768 9.46376L14.9038 15.8128C16.2384 15.0304 17.9841 15.1828 19.1656 16.3031Z" fill="currentColor"/>
</symbol><symbol viewBox="0 0 24 24" fill="none" id="arrow-left" xmlns="http://www.w3.org/2000/svg">
<path d="M19 12L5 12" stroke="currentColor" stroke-width="2" stroke-linecap="round" stroke-linejoin="round"/>
<path d="M12 19L5 12L12 5" stroke="currentColor" stroke-width="2" stroke-linecap="round" stroke-linejoin="round"/>
</symbol><symbol viewBox="0 0 24 24" fill="none" id="arrow-right" xmlns="http://www.w3.org/2000/svg">
<path d="M5 12H19" stroke="currentColor" stroke-width="2" stroke-linecap="round" stroke-linejoin="round"/>
<path d="M12 5L19 12L12 19" stroke="currentColor" stroke-width="2" stroke-linecap="round" stroke-linejoin="round"/>
</symbol><symbol viewBox="0 0 24 24" fill="none" id="availability-icon" xmlns="http://www.w3.org/2000/svg">
<path d="M12 22C17.5228 22 22 17.5228 22 12C22 6.47715 17.5228 2 12 2C6.47715 2 2 6.47715 2 12C2 17.5228 6.47715 22 12 22Z" stroke="currentColor" stroke-width="2" stroke-linecap="round" stroke-linejoin="round"/>
<path d="M12 6V12L16 14" stroke="currentColor" stroke-width="2" stroke-linecap="round" stroke-linejoin="round"/>
</symbol><symbol viewBox="0 0 40 40" fill="none" id="bathroom-remodeling" xmlns="http://www.w3.org/2000/svg">
<rect width="40" height="40" fill="currentColor"/>
<path d="M37.25 21.25H2.25C1.91848 21.25 1.60054 21.3817 1.36612 21.6161C1.1317 21.8505 1 22.1685 1 22.5V28.75C1.00199 30.7385 1.7928 32.645 3.19889 34.0511C4.60498 35.4572 6.51149 36.248 8.5 36.25H9.75V38.75C9.75 39.0815 9.8817 39.3995 10.1161 39.6339C10.3505 39.8683 10.6685 40 11 40C11.3315 40 11.6495 39.8683 11.8839 39.6339C12.1183 39.3995 12.25 39.0815 12.25 38.75V36.25H27.25V38.75C27.25 39.0815 27.3817 39.3995 27.6161 39.6339C27.8505 39.8683 28.1685 40 28.5 40C28.8315 40 29.1495 39.8683 29.3839 39.6339C29.6183 39.3995 29.75 39.0815 29.75 38.75V36.25H31C32.9885 36.248 34.895 35.4572 36.3011 34.0511C37.7072 32.645 38.498 30.7385 38.5 28.75V22.5C38.5 22.1685 38.3683 21.8505 38.1339 21.6161C37.8995 21.3817 37.5815 21.25 37.25 21.25Z" fill="currentColor"/>
<path d="M19.75 7.625V6.25C19.75 5.25544 20.1451 4.30161 20.8483 3.59835C21.5516 2.89509 22.5054 2.5 23.5 2.5C24.4946 2.5 25.4484 2.89509 26.1517 3.59835C26.8549 4.30161 27.25 5.25544 27.25 6.25V18.75H29.75V6.25C29.75 4.5924 29.0915 3.00269 27.9194 1.83058C26.7473 0.65848 25.1576 0 23.5 0C21.8424 0 20.2527 0.65848 19.0806 1.83058C17.9085 3.00269 17.25 4.5924 17.25 6.25V7.625C15.8393 7.91512 14.5717 8.68273 13.6609 9.79844C12.7501 10.9141 12.2518 12.3097 12.25 13.75C12.25 14.0815 12.3817 14.3995 12.6161 14.6339C12.8505 14.8683 13.1685 15 13.5 15H23.5C23.8315 15 24.1495 14.8683 24.3839 14.6339C24.6183 14.3995 24.75 14.0815 24.75 13.75C24.7482 12.3097 24.2499 10.9141 23.3391 9.79844C22.4283 8.68273 21.1607 7.91512 19.75 7.625Z" fill="currentColor"/>
</symbol><symbol viewBox="0 0 20 20" fill="none" id="blue-phone" xmlns="http://www.w3.org/2000/svg">
<path d="M19.9994 14.9738V17.9846C20.0005 18.2642 19.9432 18.5408 19.831 18.7969C19.7188 19.053 19.5542 19.2829 19.3478 19.4719C19.1415 19.6608 18.8978 19.8047 18.6325 19.8942C18.3672 19.9838 18.0861 20.017 17.8072 19.9919C14.7128 19.6563 11.7404 18.601 9.1289 16.9108C6.69921 15.3699 4.63926 13.3141 3.09534 10.8892C1.39586 8.27099 0.338241 5.29008 0.00816212 2.18795C-0.0169672 1.91042 0.0160811 1.63071 0.105202 1.36663C0.194324 1.10254 0.337566 0.859872 0.525808 0.654066C0.71405 0.448259 0.943169 0.283825 1.19858 0.171234C1.45398 0.058642 1.73008 0.000359723 2.0093 9.73016e-05H5.02608C5.5141 -0.00469635 5.98722 0.167778 6.35725 0.485372C6.72727 0.802966 6.96896 1.24401 7.03727 1.72629C7.1646 2.68982 7.40074 3.63587 7.74118 4.54642C7.87648 4.90563 7.90576 5.29602 7.82556 5.67133C7.74536 6.04665 7.55903 6.39115 7.28867 6.66402L6.01156 7.93859C7.44308 10.4512 9.52758 12.5315 12.0451 13.9602L13.3222 12.6856C13.5956 12.4158 13.9408 12.2298 14.3169 12.1498C14.6929 12.0698 15.0841 12.099 15.444 12.234C16.3564 12.5738 17.3043 12.8095 18.2698 12.9365C18.7582 13.0053 19.2044 13.2509 19.5233 13.6265C19.8422 14.0021 20.0116 14.4817 19.9994 14.9738Z" fill="currentColor"/>
</symbol><symbol viewBox="0 0 24 24" fill="none" id="calendar" xmlns="http://www.w3.org/2000/svg">
<path d="M19 4H5C3.89543 4 3 4.89543 3 6V20C3 21.1046 3.89543 22 5 22H19C20.1046 22 21 21.1046 21 20V6C21 4.89543 20.1046 4 19 4Z" stroke="currentColor" stroke-width="2" stroke-linecap="round" stroke-linejoin="round"/>
<path d="M15 14L11.875 18L10 16.1176" stroke="currentColor" stroke-width="2" stroke-linecap="round" stroke-linejoin="round"/>
<path d="M16 2V6" stroke="currentColor" stroke-width="2" stroke-linecap="round" stroke-linejoin="round"/>
<path d="M8 2V6" stroke="currentColor" stroke-width="2" stroke-linecap="round" stroke-linejoin="round"/>
<path d="M3 10H21" stroke="currentColor" stroke-width="2" stroke-linecap="round" stroke-linejoin="round"/>
</symbol><symbol viewBox="0 0 24 24" fill="none" id="clock" xmlns="http://www.w3.org/2000/svg">
<path d="M12 22C17.5228 22 22 17.5228 22 12C22 6.47715 17.5228 2 12 2C6.47715 2 2 6.47715 2 12C2 17.5228 6.47715 22 12 22Z" stroke="currentColor" stroke-width="2" stroke-linecap="round" stroke-linejoin="round"/>
<path d="M12 6V12L16 14" stroke="currentColor" stroke-width="2" stroke-linecap="round" stroke-linejoin="round"/>
</symbol><symbol viewBox="0 0 89 78" fill="none" id="commitment-free" xmlns="http://www.w3.org/2000/svg">
<path d="M75.6207 30.2393C75.6207 49.4351 57.6721 64.9963 35.5345 64.9963C34.4632 64.9978 33.3932 64.9618 32.3263 64.8885C38.277 70.2392 46.5923 73.5622 55.7931 73.5622C59.039 73.5669 62.2715 73.1452 65.4078 72.3078C67.7951 73.5212 73.2862 75.8496 82.5242 77.3663C83.339 77.4975 83.9655 76.6448 83.6421 75.8824C82.1925 72.4554 80.8821 67.8888 80.4849 63.724C85.5093 58.682 88.5518 52.0822 88.5518 44.8675C88.5518 35.0111 82.878 26.3154 74.2357 21.1492C75.1388 24.0467 75.6207 27.0943 75.6207 30.2393Z" fill="currentColor"/>
<path fill-rule="evenodd" clip-rule="evenodd" d="M71 30.4729C71 47.3027 55.1049 60.9459 35.5 60.9459C31.9825 60.9509 28.4795 60.503 25.0807 59.6138C22.4937 60.9023 16.543 63.375 6.532 64.9857C5.64894 65.125 4.97 64.2195 5.32056 63.4098C6.89144 59.7705 8.31144 54.9209 8.74187 50.498C3.29706 45.1435 0 38.1347 0 30.4729C0 13.6432 15.8951 0 35.5 0C55.1049 0 71 13.6432 71 30.4729ZM21.3103 21.6582C20.0551 21.6582 19.0376 22.6757 19.0376 23.9309C19.0376 25.1861 20.0551 26.2037 21.3103 26.2037H37.6896C38.9448 26.2037 39.9624 25.1861 39.9624 23.9309C39.9624 22.6757 38.9448 21.6582 37.6896 21.6582H21.3103ZM21.3102 37.1758C20.055 37.1758 19.0375 38.1934 19.0375 39.4486C19.0375 40.7038 20.055 41.7213 21.3102 41.7213H50.6205C51.8757 41.7213 52.8933 40.7038 52.8933 39.4486C52.8933 38.1934 51.8757 37.1758 50.6205 37.1758H21.3102Z" fill="currentColor"/>
</symbol><symbol viewBox="0 0 39 39" fill="none" id="eight-pointed-star" xmlns="http://www.w3.org/2000/svg">
<path d="M18.0752 3.88375C18.8586 3.08854 20.1414 3.08854 20.9248 3.88375L23.8818 6.88537C24.2613 7.27064 24.7807 7.48578 25.3215 7.48173L29.5349 7.45019C30.6511 7.44183 31.5582 8.34885 31.5498 9.4651L31.5183 13.6785C31.5142 14.2193 31.7294 14.7387 32.1146 15.1182L35.1162 18.0752C35.9115 18.8586 35.9115 20.1414 35.1162 20.9248L32.1146 23.8818C31.7294 24.2613 31.5142 24.7807 31.5183 25.3215L31.5498 29.5349C31.5582 30.6511 30.6511 31.5582 29.5349 31.5498L25.3215 31.5183C24.7807 31.5142 24.2613 31.7294 23.8818 32.1146L20.9248 35.1162C20.1414 35.9115 18.8586 35.9115 18.0752 35.1162L15.1182 32.1146C14.7387 31.7294 14.2193 31.5142 13.6785 31.5183L9.4651 31.5498C8.34885 31.5582 7.44183 30.6511 7.45019 29.5349L7.48173 25.3215C7.48578 24.7807 7.27064 24.2613 6.88537 23.8818L3.88375 20.9248C3.08854 20.1414 3.08854 18.8586 3.88375 18.0752L6.88537 15.1182C7.27064 14.7387 7.48578 14.2193 7.48173 13.6785L7.45019 9.4651C7.44183 8.34885 8.34885 7.44183 9.4651 7.45019L13.6785 7.48173C14.2193 7.48578 14.7387 7.27064 15.1182 6.88537L18.0752 3.88375Z" stroke="currentColor" stroke-width="2"/>
<path d="M26 16.25L18.8906 22.75L14.625 19.6912" stroke="currentColor" stroke-width="2" stroke-linecap="round" stroke-linejoin="round"/>
</symbol><symbol viewBox="0 0 157 310" fill="none" id="facebook" xmlns="http://www.w3.org/2000/svg">
<path d="M5 165.106H38.981V305C38.981 307.762 41.219 310 43.981 310H101.597C104.359 310 106.597 307.762 106.597 305V165.765H145.661C148.201 165.765 150.338 163.859 150.628 161.336L156.561 109.834C156.724 108.417 156.275 106.998 155.327 105.935C154.378 104.871 153.02 104.262 151.595 104.262H106.599V71.978C106.599 62.246 111.839 57.311 122.175 57.311C123.648 57.311 151.595 57.311 151.595 57.311C154.357 57.311 156.595 55.072 156.595 52.311V5.037C156.595 2.275 154.357 0.037 151.595 0.037H111.05C110.764 0.023 110.129 0 109.193 0C102.158 0 77.705 1.381 58.389 19.151C36.987 38.843 39.962 62.421 40.673 66.509V104.261H5C2.238 104.261 0 106.499 0 109.261V160.105C0 162.867 2.238 165.106 5 165.106Z" fill="currentColor"/>
</symbol><symbol viewBox="0 0 84 84" fill="none" id="fast-hour-service" xmlns="http://www.w3.org/2000/svg">
<path d="M37.269 48.552C37.2881 48.5373 37.3067 48.522 37.3247 48.5062C37.3419 48.491 37.3586 48.4753 37.3748 48.4591C37.4438 48.3902 37.5036 48.314 37.5544 48.2306C37.6963 47.9973 37.7672 47.7073 37.7672 47.3604C37.7672 46.8896 37.6364 46.5299 37.3748 46.2814C37.2251 46.1316 37.0325 46.027 36.7973 45.9675C36.6422 45.9282 36.4684 45.9086 36.2762 45.9086H32.344L34.6085 43.672C34.9369 43.3507 35.2283 43.0392 35.4827 42.7374C35.5075 42.7081 35.5318 42.6788 35.5559 42.6496C35.7375 42.4293 35.8991 42.2142 36.0407 42.0044C36.407 41.4812 36.6685 40.958 36.8255 40.4348C36.9955 39.9117 37.0805 39.3754 37.0805 38.8261C37.0805 37.9497 36.8909 37.2173 36.5116 36.6287C36.1323 36.0271 35.5764 35.5693 34.844 35.2554C34.514 35.1114 34.147 35.0004 33.7428 34.9225C33.2657 34.8305 32.7368 34.7845 32.1561 34.7845C31.9861 34.7845 31.816 34.7894 31.646 34.7991C31.1621 34.8268 30.6781 34.8938 30.1942 35.0003C30.134 35.0138 30.0739 35.0281 30.0141 35.0433L29.9663 35.0555L29.9155 35.069C29.646 35.1413 29.3801 35.2302 29.1176 35.3355C28.8564 35.4403 28.5987 35.5615 28.3444 35.699L28.3304 35.7066C28.285 35.731 28.2416 35.7563 28.2 35.7826C27.9294 35.9534 27.7374 36.1635 27.6241 36.4129C27.4933 36.6876 27.4475 36.9688 27.4867 37.2565C27.539 37.5443 27.6568 37.7993 27.8399 38.0217C28.0361 38.244 28.2715 38.3879 28.5462 38.4533C28.8339 38.5187 29.1544 38.4729 29.5075 38.316C29.568 38.2847 29.628 38.255 29.6873 38.2266L29.6973 38.2219C29.9376 38.1077 30.1683 38.0176 30.3894 37.9513C30.4762 37.9253 30.5616 37.903 30.6454 37.8843C30.704 37.8692 30.762 37.8552 30.8195 37.8426L30.8317 37.8399C31.1164 37.778 31.3878 37.747 31.646 37.747C31.8288 37.747 31.9988 37.758 32.1561 37.7799C32.4288 37.818 32.6633 37.8891 32.8596 37.9931C32.931 38.031 32.9973 38.0732 33.0586 38.1198C33.3856 38.3683 33.5491 38.741 33.5491 39.2381C33.5491 39.6305 33.4379 40.0228 33.2156 40.4152C33.1619 40.5158 33.0983 40.6216 33.0249 40.7325C32.8759 40.9576 32.6862 41.2039 32.4558 41.4715L32.4462 41.4826C32.35 41.594 32.2467 41.7091 32.1365 41.8278L28.7031 45.4181C28.5496 45.5794 28.4118 45.7429 28.2898 45.9086L28.2738 45.9304L28.259 45.9509C28.1852 46.0537 28.1174 46.1573 28.0557 46.2618C27.8987 46.5495 27.8203 46.8765 27.8203 47.2427C27.8203 47.7659 27.9445 48.1648 28.193 48.4395C28.3728 48.6193 28.6268 48.7373 28.955 48.7935C29.1042 48.8191 29.2688 48.8319 29.4487 48.8319H36.2762C36.6955 48.8319 37.0264 48.7386 37.269 48.552Z" fill="currentColor"/>
<path fill-rule="evenodd" clip-rule="evenodd" d="M44.6067 46.5168V47.2231C44.6067 47.8117 44.7571 48.2564 45.0579 48.5572C45.3718 48.858 45.8035 49.0085 46.3528 49.0085C46.912 49.0085 47.3355 48.8597 47.6231 48.5623L47.628 48.5572C47.7977 48.3802 47.9195 48.1615 47.9935 47.9012C48.0507 47.7001 48.0793 47.474 48.0793 47.2231V46.5168H48.5502C49.0175 46.5168 49.375 46.4127 49.6227 46.2045C49.6384 46.1913 49.6536 46.1777 49.6684 46.1637C49.7708 46.0715 49.8531 45.9634 49.9155 45.8392C49.9384 45.7934 49.9587 45.7454 49.9762 45.6952C50.0326 45.5339 50.0608 45.3499 50.0608 45.1435C50.0608 44.8126 49.984 44.5394 49.8302 44.3238C49.7902 44.2676 49.745 44.2154 49.6946 44.1671C49.686 44.1589 49.6773 44.1509 49.6684 44.1429C49.6536 44.1288 49.6384 44.1152 49.6227 44.102C49.5685 44.0565 49.509 44.0159 49.4443 43.9803C49.2133 43.8533 48.9153 43.7897 48.5502 43.7897H48.0793V36.6091C48.0793 36.0074 47.9354 35.5627 47.6477 35.275C47.3599 34.9742 46.9675 34.8237 46.4705 34.8237C46.0258 34.8237 45.64 34.9153 45.313 35.0984C44.986 35.2815 44.6917 35.5693 44.4301 35.9617L39.643 42.9461C39.5652 43.0543 39.4935 43.1586 39.428 43.259C39.3352 43.4011 39.2547 43.5353 39.1864 43.6616C39.1628 43.7053 39.1407 43.748 39.12 43.7897C39.0794 43.8719 39.0445 43.9503 39.0152 44.0252C38.9348 44.2218 38.8818 44.4245 38.8563 44.6334C38.8523 44.6662 38.849 44.6993 38.8463 44.7324C38.8442 44.7599 38.8424 44.7874 38.8412 44.8151C38.8395 44.8524 38.8386 44.8899 38.8386 44.9277C38.8386 45.4639 38.9956 45.8628 39.3095 46.1244C39.6365 46.386 40.0877 46.5168 40.6632 46.5168H44.6067ZM44.6067 43.7897V39.9748L42.0361 43.7897H44.6067Z" fill="currentColor"/>
<path d="M50.7737 41.3742C50.7902 41.2868 50.8148 41.2068 50.8476 41.1343C50.8894 41.0416 50.9446 40.961 51.013 40.8926C51.0812 40.8243 51.1604 40.7693 51.2505 40.7275C51.3896 40.663 51.5547 40.6299 51.7458 40.6284L51.7598 40.6283C51.7912 40.6283 51.822 40.6291 51.852 40.6307C51.864 40.6314 51.8758 40.6321 51.8875 40.633C52.1552 40.6534 52.3654 40.7399 52.5181 40.8926C52.5518 40.9249 52.5825 40.96 52.61 40.9977C52.7174 41.1448 52.7777 41.3331 52.791 41.5624C52.7929 41.5949 52.7939 41.6283 52.7939 41.6624V43.869C52.8556 43.7855 52.9229 43.7081 52.9958 43.6368C53.1132 43.522 53.2451 43.423 53.3913 43.3399C53.5225 43.267 53.6604 43.208 53.8049 43.1628C53.8428 43.151 53.8811 43.1401 53.9199 43.1302C54.122 43.0785 54.3364 43.0526 54.5633 43.0526C55.0152 43.0526 55.3867 43.1407 55.6777 43.3169C55.7634 43.3665 55.8427 43.4246 55.9157 43.4914C55.9264 43.5012 55.937 43.5112 55.9474 43.5214L55.9637 43.5375L55.9651 43.5389C56.1172 43.6924 56.2398 43.8865 56.3326 44.1212C56.4782 44.4812 56.551 44.9369 56.551 45.4884V47.9012C56.551 48.2383 56.4629 48.4949 56.2867 48.671C56.1755 48.7822 56.0337 48.8584 55.8615 48.8994C55.7609 48.9233 55.6498 48.9353 55.5284 48.9353C55.199 48.9353 54.9462 48.8472 54.7701 48.671C54.5939 48.4949 54.5058 48.2383 54.5058 47.9012V45.5689C54.5058 45.5414 54.5054 45.5146 54.5046 45.4884C54.5033 45.4425 54.5007 45.3985 54.497 45.3564L54.4938 45.3244L54.4917 45.305L54.4887 45.2814L54.4869 45.2681C54.479 45.2112 54.4685 45.1583 54.4555 45.1095C54.4352 45.0337 54.409 44.9679 54.3766 44.9119L54.3687 44.8986C54.3542 44.875 54.3387 44.8534 54.322 44.8335C54.2774 44.7771 54.2243 44.7316 54.1625 44.6971C54.1545 44.6926 54.1464 44.6884 54.1382 44.6843C54.0741 44.6525 54.0014 44.6317 53.9199 44.6219C53.8834 44.6174 53.845 44.6152 53.8049 44.6152C53.7116 44.6152 53.6239 44.6245 53.5419 44.643C53.4222 44.67 53.3146 44.7167 53.2192 44.7831C53.1655 44.8205 53.1156 44.8641 53.0696 44.9139C53.0045 44.9818 52.9509 45.0583 52.9088 45.1435C52.8478 45.267 52.8111 45.4088 52.7986 45.5689C52.7955 45.6098 52.7939 45.6519 52.7939 45.6952V47.9012C52.7939 48.5906 52.4492 48.9353 51.7598 48.9353C51.644 48.9353 51.5375 48.9239 51.4406 48.901C51.4083 48.8934 51.3771 48.8846 51.3469 48.8744C51.237 48.8375 51.1409 48.7838 51.0587 48.7134C51.0495 48.7055 51.0405 48.6974 51.0316 48.6891C51.0253 48.6832 51.0191 48.6772 51.013 48.671C50.8368 48.4949 50.7487 48.2383 50.7487 47.9012V41.6624C50.7487 41.5587 50.7571 41.4627 50.7737 41.3742Z" fill="currentColor"/>
<path fill-rule="evenodd" clip-rule="evenodd" d="M0 41.6663C0 18.654 18.654 0 41.6663 0C64.6785 0 83.3325 18.654 83.3325 41.6663C83.3325 64.6785 64.6785 83.3325 41.6663 83.3325C18.654 83.3325 0 64.6785 0 41.6663ZM25.9506 50.6819C25.9133 50.6445 25.8769 50.6063 25.8415 50.5671C24.8827 49.5074 24.649 48.229 24.649 47.2427C24.649 46.4093 24.832 45.5494 25.2717 44.7432C25.2891 44.7113 25.307 44.6797 25.3255 44.6485C25.633 44.1281 26.0011 43.657 26.4067 43.2311L26.4112 43.2264L27.9893 41.5762C27.9408 41.5669 27.8922 41.5568 27.8434 41.5457L27.8117 41.5383C26.8674 41.3135 26.068 40.8066 25.462 40.1198C25.4382 40.0928 25.4148 40.0654 25.3919 40.0376C24.8594 39.391 24.5142 38.6353 24.3667 37.8238C24.3583 37.7777 24.3509 37.7314 24.3446 37.685C24.2191 36.765 24.3748 35.8719 24.7493 35.074C25.2263 34.0425 26.0179 33.3514 26.8208 32.9177C27.6677 32.458 28.5623 32.1165 29.4996 31.9061L29.5128 31.9031C30.3852 31.7112 31.2676 31.6133 32.1561 31.6133C33.5113 31.6133 34.8678 31.8078 36.1026 32.3446C37.3434 32.8783 38.4256 33.7247 39.1858 34.9243C39.5699 35.5236 39.8348 36.1594 40.0044 36.8095L41.8046 34.1831C42.273 33.4855 42.9084 32.8104 43.7635 32.3315C44.6452 31.8378 45.5847 31.6525 46.4705 31.6525C47.6425 31.6525 48.9183 32.0308 49.9156 33.0583C51.0094 34.1699 51.2505 35.5743 51.2505 36.6091V37.4849C51.4264 37.4656 51.597 37.4571 51.7598 37.4571C52.6421 37.4571 53.7972 37.7024 54.7365 38.6264C55.1658 39.0446 55.4556 39.51 55.6454 39.977C56.1885 40.0767 56.7516 40.2649 57.2936 40.5882C58.2871 41.1723 58.9189 42.0447 59.2767 42.9426C59.6215 43.8003 59.7222 44.6907 59.7222 45.4884V47.9012C59.7222 48.7744 59.4855 49.957 58.5291 50.9134C57.5855 51.857 56.4182 52.1065 55.5284 52.1065C54.9718 52.1065 54.3066 52.0089 53.6555 51.7048C52.976 52.0208 52.2917 52.1065 51.7598 52.1065C51.0037 52.1065 50.0771 51.9238 49.2507 51.3238C48.3104 51.9813 47.2457 52.1797 46.3528 52.1797C45.211 52.1797 43.9128 51.8521 42.8637 50.8468C42.8475 50.8312 42.8314 50.8155 42.8155 50.7996C42.4681 50.4521 42.2021 50.0755 42.0009 49.688H40.6632C40.5697 49.688 40.4744 49.6861 40.3776 49.6819C40.1857 50.0379 39.9362 50.3825 39.6172 50.7015C38.5787 51.7401 37.2774 52.0031 36.2762 52.0031H29.4487C28.4871 52.0031 27.0657 51.797 25.9506 50.6819ZM34.8347 18.7535C35.6634 18.4955 36.4945 18.2834 37.3255 18.1158C50.5993 15.5287 63.5175 24.0979 66.2665 37.3763C68.5486 48.3994 63.1101 59.2265 53.6394 64.2431C53.5504 64.278 53.4622 64.3175 53.3752 64.3616C52.3908 64.8604 51.361 65.299 50.2888 65.6709L51.0496 63.6496C51.6346 62.0952 50.8488 60.3609 49.2945 59.7758C47.7401 59.1908 46.0058 59.9766 45.4207 61.531L42.4317 69.4723C41.9457 70.7634 42.4006 72.2197 43.5351 73.0046L50.2392 77.6429C51.605 78.5879 53.4782 78.2467 54.4232 76.8809C55.3681 75.5151 55.027 73.6419 53.6612 72.6969L51.937 71.504C57.7166 69.5495 62.6061 65.9811 66.1957 61.4226C66.3454 61.2915 66.4842 61.1437 66.6094 60.9793C68.7016 58.2328 70.3205 55.15 71.3937 51.8685C71.4761 51.6166 71.5235 51.3616 71.5385 51.1088C72.6632 47.3172 73.0675 43.2638 72.6246 39.1417C72.6725 38.852 72.6786 38.5504 72.6371 38.2442C72.4089 36.5607 72.0379 34.8753 71.5173 33.2031C70.9966 31.5309 70.3452 29.9328 69.5773 28.4174C69.4386 28.1437 69.2639 27.9003 69.0618 27.6901C67.1168 24.1128 64.5009 21.0085 61.4139 18.5085C61.249 18.2863 61.0504 18.0833 60.8192 17.9072C58.0728 15.815 54.99 14.1962 51.7084 13.1229C51.4894 13.0513 51.2681 13.0061 51.0479 12.9857C47.0782 11.7671 42.8144 11.3402 38.4803 11.852C38.3495 11.8525 38.2173 11.8616 38.0841 11.8796C36.7466 12.0609 35.4079 12.3323 34.0755 12.6973C25.889 14.8885 19.2924 20.2465 15.3493 27.1495C15.2062 27.3999 15.1032 27.6621 15.038 27.9289C14.209 29.4905 13.514 31.1232 12.9629 32.8082C12.4456 34.39 13.3085 36.0916 14.8902 36.6089C16.472 37.1262 18.1736 36.2633 18.6909 34.6816C19.5545 32.041 20.8577 29.5594 22.5412 27.3494C22.6883 27.1563 22.8085 26.9512 22.9024 26.7384C24.9735 24.2009 27.553 22.0646 30.5279 20.5008C30.6814 20.452 30.833 20.3903 30.9814 20.3151C32.1983 19.6985 33.4846 19.1739 34.8347 18.7535ZM14.3009 43.0419C15.95 42.8184 17.468 43.9741 17.6915 45.6232C17.8747 46.9751 18.173 48.3318 18.5934 49.682C19.0138 51.0321 19.5384 52.3183 20.1551 53.5353C20.9073 55.0198 20.3137 56.833 18.8292 57.5852C17.3447 58.3374 15.5315 57.7438 14.7793 56.2593C14.0114 54.7439 13.36 53.1458 12.8393 51.4736C12.3187 49.8014 11.9477 48.116 11.7195 46.4325C11.4961 44.7834 12.6518 43.2654 14.3009 43.0419ZM27.1894 61.9755C25.8655 60.967 23.9748 61.2226 22.9664 62.5465C21.9579 63.8703 22.2136 65.761 23.5374 66.7695C26.2838 68.8617 29.3666 70.4805 32.6482 71.5538C34.2299 72.0711 35.9315 71.2082 36.4489 69.6264C36.9662 68.0447 36.1033 66.3431 34.5215 65.8258C31.881 64.9621 29.3994 63.659 27.1894 61.9755Z" fill="currentColor"/>
<path d="M29.4487 48.8319C28.8732 48.8319 28.4546 48.7011 28.193 48.4395C27.9445 48.1648 27.8203 47.7659 27.8203 47.2427C27.8203 46.8765 27.8987 46.5495 28.0557 46.2618C28.2257 45.974 28.4415 45.6928 28.7031 45.4181L32.1365 41.8278C32.6466 41.2785 33.0063 40.8076 33.2156 40.4152C33.4379 40.0228 33.5491 39.6305 33.5491 39.2381C33.5491 38.741 33.3856 38.3683 33.0586 38.1198C32.7316 37.8713 32.2607 37.747 31.646 37.747C31.3321 37.747 30.9986 37.7928 30.6454 37.8843C30.2923 37.9628 29.913 38.1067 29.5075 38.316C29.1544 38.4729 28.8339 38.5187 28.5462 38.4533C28.2715 38.3879 28.0361 38.244 27.8399 38.0217C27.6568 37.7993 27.539 37.5443 27.4867 37.2565C27.4475 36.9688 27.4933 36.6876 27.6241 36.4129C27.7549 36.1251 27.9903 35.8897 28.3304 35.7066C28.932 35.3796 29.5533 35.1442 30.1942 35.0003C30.8482 34.8564 31.5021 34.7845 32.1561 34.7845C33.2286 34.7845 34.1246 34.9415 34.844 35.2554C35.5764 35.5693 36.1323 36.0271 36.5116 36.6287C36.8909 37.2173 37.0805 37.9497 37.0805 38.8261C37.0805 39.3754 36.9955 39.9117 36.8255 40.4348C36.6685 40.958 36.407 41.4812 36.0407 42.0044C35.6876 42.5276 35.2102 43.0834 34.6085 43.672L31.4303 46.8112V45.9088L36.2762 45.9086C36.7601 45.9086 37.1263 46.0329 37.3748 46.2814C37.6364 46.5299 37.7672 46.8896 37.7672 47.3604C37.7672 47.8313 37.6364 48.1975 37.3748 48.4591C37.1263 48.7076 36.7601 48.8319 36.2762 48.8319H29.4487Z" fill="currentColor"/>
<path d="M46.3528 49.0085C45.8035 49.0085 45.3718 48.858 45.0579 48.5572C44.7571 48.2564 44.6067 47.8117 44.6067 47.2231V46.5168H40.6632C40.0877 46.5168 39.6365 46.386 39.3095 46.1244C38.9956 45.8628 38.8386 45.4639 38.8386 44.9277C38.8386 44.6137 38.8975 44.3129 39.0152 44.0252C39.1329 43.7243 39.3422 43.3647 39.643 42.9461L44.4301 35.9617C44.6917 35.5693 44.986 35.2815 45.313 35.0984C45.64 34.9153 46.0258 34.8237 46.4705 34.8237C46.9675 34.8237 47.3599 34.9742 47.6477 35.275C47.9354 35.5627 48.0793 36.0074 48.0793 36.6091V43.7897H48.5502C49.0472 43.7897 49.4199 43.9075 49.6684 44.1429C49.93 44.3783 50.0608 44.7118 50.0608 45.1435C50.0608 45.5882 49.93 45.9282 49.6684 46.1637C49.4199 46.3991 49.0472 46.5168 48.5502 46.5168H48.0793V47.2231C48.0793 47.7986 47.9289 48.2433 47.628 48.5572C47.3403 48.858 46.9152 49.0085 46.3528 49.0085ZM44.6067 43.7897L44.6067 39.1597H45.1561L41.4677 44.6335V43.7899L44.6067 43.7897Z" fill="currentColor"/>
<path d="M51.7598 48.9353C51.4381 48.9353 51.1892 48.8472 51.013 48.671C50.8368 48.4949 50.7487 48.2383 50.7487 47.9012V41.6624C50.7487 41.3254 50.8368 41.0688 51.013 40.8926C51.1892 40.7164 51.4381 40.6283 51.7598 40.6283C52.0892 40.6283 52.3419 40.7164 52.5181 40.8926C52.7019 41.0688 52.7939 41.3254 52.7939 41.6624L52.7939 44.1673H52.6101C52.7939 43.8073 53.0543 43.5314 53.3913 43.3399C53.736 43.1484 54.1267 43.0526 54.5633 43.0526C55.0152 43.0526 55.3867 43.1407 55.6777 43.3169C55.9688 43.4854 56.1871 43.7535 56.3326 44.1212C56.4782 44.4812 56.551 44.9369 56.551 45.4884V47.9012C56.551 48.2383 56.4629 48.4949 56.2867 48.671C56.1105 48.8472 55.8577 48.9353 55.5284 48.9353C55.199 48.9353 54.9462 48.8472 54.7701 48.671C54.5939 48.4949 54.5058 48.2383 54.5058 47.9012V45.5689C54.5058 45.2242 54.4445 44.9791 54.322 44.8335C54.2071 44.688 54.0347 44.6152 53.8049 44.6152C53.4986 44.6152 53.2534 44.7148 53.0696 44.9139C52.8858 45.1054 52.7939 45.3659 52.7939 45.6952V47.9012C52.7939 48.5906 52.4492 48.9353 51.7598 48.9353Z" fill="currentColor"/>
</symbol><symbol viewBox="0 0 180 36" fill="none" id="five-stars" xmlns="http://www.w3.org/2000/svg">
<path d="M16.0435 6.02137C16.6593 4.1261 19.3406 4.1261 19.9564 6.02136L21.5794 11.0162C21.8548 11.8638 22.6446 12.4377 23.5358 12.4377H28.7878C30.7806 12.4377 31.6091 14.9878 29.9969 16.1591L25.748 19.2461C25.027 19.7699 24.7253 20.6985 25.0007 21.5461L26.6237 26.5409C27.2395 28.4362 25.0703 30.0122 23.458 28.8409L19.2091 25.7539C18.4881 25.2301 17.5118 25.2301 16.7908 25.7539L12.5419 28.8409C10.9297 30.0122 8.7605 28.4362 9.37631 26.5409L10.9992 21.5461C11.2746 20.6985 10.973 19.7699 10.2519 19.2461L6.00305 16.1591C4.39084 14.9878 5.21941 12.4377 7.21221 12.4377H12.4641C13.3553 12.4377 14.1452 11.8638 14.4206 11.0162L16.0435 6.02137Z" fill="currentColor"/>
<path d="M52.0435 6.02137C52.6593 4.1261 55.3406 4.1261 55.9564 6.02136L57.5794 11.0162C57.8548 11.8638 58.6446 12.4377 59.5358 12.4377H64.7878C66.7806 12.4377 67.6091 14.9878 65.9969 16.1591L61.748 19.2461C61.027 19.7699 60.7253 20.6985 61.0007 21.5461L62.6237 26.5409C63.2395 28.4362 61.0703 30.0122 59.458 28.8409L55.2091 25.7539C54.4881 25.2301 53.5118 25.2301 52.7908 25.7539L48.5419 28.8409C46.9297 30.0122 44.7605 28.4362 45.3763 26.5409L46.9992 21.5461C47.2746 20.6985 46.973 19.7699 46.2519 19.2461L42.0031 16.1591C40.3908 14.9878 41.2194 12.4377 43.2122 12.4377H48.4641C49.3553 12.4377 50.1452 11.8638 50.4206 11.0162L52.0435 6.02137Z" fill="currentColor"/>
<path d="M88.0435 6.02137C88.6593 4.1261 91.3406 4.1261 91.9564 6.02136L93.5794 11.0162C93.8548 11.8638 94.6446 12.4377 95.5358 12.4377H100.788C102.781 12.4377 103.609 14.9878 101.997 16.1591L97.748 19.2461C97.027 19.7699 96.7253 20.6985 97.0007 21.5461L98.6237 26.5409C99.2395 28.4362 97.0703 30.0122 95.458 28.8409L91.2091 25.7539C90.4881 25.2301 89.5118 25.2301 88.7908 25.7539L84.5419 28.8409C82.9297 30.0122 80.7605 28.4362 81.3763 26.5409L82.9992 21.5461C83.2746 20.6985 82.973 19.7699 82.2519 19.2461L78.0031 16.1591C76.3908 14.9878 77.2194 12.4377 79.2122 12.4377H84.4641C85.3553 12.4377 86.1452 11.8638 86.4206 11.0162L88.0435 6.02137Z" fill="currentColor"/>
<path d="M124.044 6.02137C124.659 4.1261 127.341 4.1261 127.956 6.02136L129.579 11.0162C129.855 11.8638 130.645 12.4377 131.536 12.4377H136.788C138.781 12.4377 139.609 14.9878 137.997 16.1591L133.748 19.2461C133.027 19.7699 132.725 20.6985 133.001 21.5461L134.624 26.5409C135.239 28.4362 133.07 30.0122 131.458 28.8409L127.209 25.7539C126.488 25.2301 125.512 25.2301 124.791 25.7539L120.542 28.8409C118.93 30.0122 116.761 28.4362 117.376 26.5409L118.999 21.5461C119.275 20.6985 118.973 19.7699 118.252 19.2461L114.003 16.1591C112.391 14.9878 113.219 12.4377 115.212 12.4377H120.464C121.355 12.4377 122.145 11.8638 122.421 11.0162L124.044 6.02137Z" fill="currentColor"/>
<path d="M160.044 6.02137C160.659 4.1261 163.341 4.1261 163.956 6.02136L165.579 11.0162C165.855 11.8638 166.645 12.4377 167.536 12.4377H172.788C174.781 12.4377 175.609 14.9878 173.997 16.1591L169.748 19.2461C169.027 19.7699 168.725 20.6985 169.001 21.5461L170.624 26.5409C171.239 28.4362 169.07 30.0122 167.458 28.8409L163.209 25.7539C162.488 25.2301 161.512 25.2301 160.791 25.7539L156.542 28.8409C154.93 30.0122 152.761 28.4362 153.376 26.5409L154.999 21.5461C155.275 20.6985 154.973 19.7699 154.252 19.2461L150.003 16.1591C148.391 14.9878 149.219 12.4377 151.212 12.4377H156.464C157.355 12.4377 158.145 11.8638 158.421 11.0162L160.044 6.02137Z" fill="currentColor"/>
</symbol><symbol viewBox="0 0 79 81" fill="none" id="flexible-appointments" xmlns="http://www.w3.org/2000/svg">
<path fill-rule="evenodd" clip-rule="evenodd" d="M55.8787 3.24675C55.8746 1.38906 54.4759 -0.00420293 52.7069 9.52646e-06C50.8968 0.00424112 49.5392 1.39751 49.5433 3.2552L49.5475 6.21061L25.1111 6.24439L25.107 3.28897C25.1029 1.43128 23.7453 0.0380173 21.9352 0.0422393C20.1251 0.0422393 18.7675 1.43973 18.7716 3.29742L18.7757 6.46393C7.29806 7.53211 -0.0164001 15.44 2.76141e-05 27.6796L0.0453078 58.8997C0.0617633 72.1949 8.38 80.546 21.4662 80.5292L50.4975 80.4911C44.8256 76.9337 41.0685 70.7227 41.0685 63.6553C41.0685 59.4164 42.42 55.4856 44.7256 52.2507C44.2655 51.9225 43.9655 51.3842 43.9655 50.7759V44.9139C43.9655 43.914 44.776 43.1035 45.7758 43.1035H51.6379C52.6377 43.1035 53.4482 43.914 53.4482 44.9139V45.2856C55.9382 44.2365 58.6837 43.6553 61.5685 43.6553C66.6991 43.6553 71.3894 45.4939 74.9849 48.5327L74.9547 27.4136C74.9424 15.2542 67.3605 7.32523 55.8828 6.41327L55.8787 3.24675ZM25.1193 12.7463L49.5557 12.7125L49.5598 16.1324C49.5598 17.9478 50.9215 19.3833 52.7316 19.3791C54.5006 19.3791 55.8952 17.9394 55.8952 16.1239L55.891 12.873C63.9542 13.5823 68.4466 18.3447 68.6235 27.4221V28.8998L6.33952 28.9842L6.33538 27.6712C6.32307 18.5136 10.7619 13.7343 18.784 12.9194L18.7881 16.1704C18.7881 17.9901 20.1498 19.4213 21.9599 19.4171C23.77 19.4171 25.1234 17.9816 25.1234 16.1619L25.1193 12.7463ZM9.48254 44.9139C9.48254 43.914 10.2931 43.1035 11.2929 43.1035H17.155C18.1548 43.1035 18.9653 43.914 18.9653 44.9139V50.7759C18.9653 51.7758 18.1548 52.5863 17.155 52.5863H11.2929C10.2931 52.5863 9.48254 51.7758 9.48254 50.7759V44.9139ZM11.2929 58.6211C10.2931 58.6211 9.48254 59.4316 9.48254 60.4314V66.2935C9.48254 67.2933 10.2931 68.1039 11.2929 68.1039H17.155C18.1548 68.1039 18.9653 67.2933 18.9653 66.2935V60.4314C18.9653 59.4316 18.1548 58.6211 17.155 58.6211H11.2929ZM26.7242 44.9139C26.7242 43.914 27.5348 43.1035 28.5346 43.1035H34.3967C35.3965 43.1035 36.207 43.914 36.207 44.9139V50.7759C36.207 51.7758 35.3965 52.5863 34.3967 52.5863H28.5346C27.5348 52.5863 26.7242 51.7758 26.7242 50.7759V44.9139ZM28.5346 58.6211C27.5348 58.6211 26.7242 59.4316 26.7242 60.4314V66.2935C26.7242 67.2933 27.5348 68.1039 28.5346 68.1039H34.3967C35.3965 68.1039 36.207 67.2933 36.207 66.2935V60.4314C36.207 59.4316 35.3965 58.6211 34.3967 58.6211H28.5346Z" fill="currentColor"/>
<path fill-rule="evenodd" clip-rule="evenodd" d="M61.6376 47.4141C52.3533 47.4141 44.8273 54.7471 44.8273 63.7934C44.8273 72.8397 52.3533 80.1727 61.6376 80.1727C70.922 80.1727 78.448 72.8397 78.448 63.7934C78.448 54.7471 70.922 47.4141 61.6376 47.4141ZM63.8789 56.8963C63.8789 55.8965 63.0683 55.0859 62.0685 55.0859C61.0687 55.0859 60.2582 55.8965 60.2582 56.8963V65.3187C60.2582 66.0333 60.6785 66.681 61.3311 66.972L65.6415 68.8945C66.5546 69.3017 67.625 68.8916 68.0322 67.9785C68.4395 67.0654 68.0294 65.995 67.1163 65.5878L63.8789 64.1439V56.8963Z" fill="currentColor"/>
</symbol><symbol viewBox="0 0 21 24" fill="none" id="footer-logo" xmlns="http://www.w3.org/2000/svg">
<path fill-rule="evenodd" clip-rule="evenodd" d="M8.20915 0.629959C9.35147 -0.209986 10.9071 -0.209986 12.0495 0.629959L18.9374 5.69461C19.7681 6.30541 20.2586 7.27497 20.2586 8.30604V18.6379H13.7759V9.94597L10.1293 7.26468L6.48276 9.94597V18.6379H0V8.30604C0 7.27497 0.490538 6.30541 1.32122 5.69461L8.20915 0.629959Z" fill="currentColor"/>
<rect x="6.52441" y="18.6377" width="7.24329" height="5.24219" fill="currentColor"/>
</symbol><symbol viewBox="0 0 180 36" fill="none" id="four-stars" xmlns="http://www.w3.org/2000/svg">
<path d="M160.044 6.02137C160.659 4.1261 163.341 4.1261 163.956 6.02136L165.579 11.0162C165.855 11.8638 166.645 12.4377 167.536 12.4377H172.788C174.781 12.4377 175.609 14.9878 173.997 16.1591L169.748 19.2461C169.027 19.7699 168.725 20.6985 169.001 21.5461L170.624 26.5409C171.239 28.4362 169.07 30.0122 167.458 28.8409L163.209 25.7539C162.488 25.2301 161.512 25.2301 160.791 25.7539L156.542 28.8409C154.93 30.0122 152.761 28.4362 153.376 26.5409L154.999 21.5461C155.275 20.6985 154.973 19.7699 154.252 19.2461L150.003 16.1591C148.391 14.9878 149.219 12.4377 151.212 12.4377H156.464C157.355 12.4377 158.145 11.8638 158.421 11.0162L160.044 6.02137Z" fill="currentColor"/>
<path d="M16.0435 6.02137C16.6593 4.1261 19.3406 4.1261 19.9564 6.02136L21.5794 11.0162C21.8548 11.8638 22.6446 12.4377 23.5358 12.4377H28.7878C30.7806 12.4377 31.6091 14.9878 29.9969 16.1591L25.748 19.2461C25.027 19.7699 24.7253 20.6985 25.0007 21.5461L26.6237 26.5409C27.2395 28.4362 25.0703 30.0122 23.458 28.8409L19.2091 25.7539C18.4881 25.2301 17.5118 25.2301 16.7908 25.7539L12.5419 28.8409C10.9297 30.0122 8.7605 28.4362 9.37631 26.5409L10.9992 21.5461C11.2746 20.6985 10.973 19.7699 10.2519 19.2461L6.00305 16.1591C4.39084 14.9878 5.21941 12.4377 7.21221 12.4377H12.4641C13.3553 12.4377 14.1452 11.8638 14.4206 11.0162L16.0435 6.02137Z" fill="currentColor"/>
<path d="M52.0435 6.02137C52.6593 4.1261 55.3406 4.1261 55.9564 6.02136L57.5794 11.0162C57.8548 11.8638 58.6446 12.4377 59.5358 12.4377H64.7878C66.7806 12.4377 67.6091 14.9878 65.9969 16.1591L61.748 19.2461C61.027 19.7699 60.7253 20.6985 61.0007 21.5461L62.6237 26.5409C63.2395 28.4362 61.0703 30.0122 59.458 28.8409L55.2091 25.7539C54.4881 25.2301 53.5118 25.2301 52.7908 25.7539L48.5419 28.8409C46.9297 30.0122 44.7605 28.4362 45.3763 26.5409L46.9992 21.5461C47.2746 20.6985 46.973 19.7699 46.2519 19.2461L42.0031 16.1591C40.3908 14.9878 41.2194 12.4377 43.2122 12.4377H48.4641C49.3553 12.4377 50.1452 11.8638 50.4206 11.0162L52.0435 6.02137Z" fill="currentColor"/>
<path d="M88.0435 6.02137C88.6593 4.1261 91.3406 4.1261 91.9564 6.02136L93.5794 11.0162C93.8548 11.8638 94.6446 12.4377 95.5358 12.4377H100.788C102.781 12.4377 103.609 14.9878 101.997 16.1591L97.748 19.2461C97.027 19.7699 96.7253 20.6985 97.0007 21.5461L98.6237 26.5409C99.2395 28.4362 97.0703 30.0122 95.458 28.8409L91.2091 25.7539C90.4881 25.2301 89.5118 25.2301 88.7908 25.7539L84.5419 28.8409C82.9297 30.0122 80.7605 28.4362 81.3763 26.5409L82.9992 21.5461C83.2746 20.6985 82.973 19.7699 82.2519 19.2461L78.0031 16.1591C76.3908 14.9878 77.2194 12.4377 79.2122 12.4377H84.4641C85.3553 12.4377 86.1452 11.8638 86.4206 11.0162L88.0435 6.02137Z" fill="currentColor"/>
<path d="M124.044 6.02137C124.659 4.1261 127.341 4.1261 127.956 6.02136L129.579 11.0162C129.855 11.8638 130.645 12.4377 131.536 12.4377H136.788C138.781 12.4377 139.609 14.9878 137.997 16.1591L133.748 19.2461C133.027 19.7699 132.725 20.6985 133.001 21.5461L134.624 26.5409C135.239 28.4362 133.07 30.0122 131.458 28.8409L127.209 25.7539C126.488 25.2301 125.512 25.2301 124.791 25.7539L120.542 28.8409C118.93 30.0122 116.761 28.4362 117.376 26.5409L118.999 21.5461C119.275 20.6985 118.973 19.7699 118.252 19.2461L114.003 16.1591C112.391 14.9878 113.219 12.4377 115.212 12.4377H120.464C121.355 12.4377 122.145 11.8638 122.421 11.0162L124.044 6.02137Z" fill="currentColor"/>
</symbol><symbol viewBox="0 0 73 71" fill="none" id="free-quotes" xmlns="http://www.w3.org/2000/svg">
<path fill-rule="evenodd" clip-rule="evenodd" d="M35.9195 0.897988C35.9195 0.659827 35.8249 0.43142 35.6565 0.263015C35.4881 0.0946094 35.2597 0 35.0216 0H9.87787C7.2581 0 4.74562 1.0407 2.89316 2.89316C1.0407 4.74562 0 7.2581 0 9.87787V60.1652C0 62.785 1.0407 65.2975 2.89316 67.1499C4.74562 69.0024 7.2581 70.0431 9.87787 70.0431H45.7974C48.4172 70.0431 50.9297 69.0024 52.7821 67.1499C54.6346 65.2975 55.6753 62.785 55.6753 60.1652V56.2105L54.4873 57.3952L44.8247 59.6206L44.5008 59.6533C44.0989 59.6938 43.6944 59.7006 43.2917 59.6736C42.3121 59.6339 41.3502 59.393 40.4663 58.9648C39.5084 58.5009 38.6663 57.8288 38.0014 56.9977C37.3365 56.1666 36.8657 55.1974 36.6233 54.1611C36.3809 53.1247 36.3731 52.0473 36.6005 51.0075L36.6073 50.9761L38.7679 41.6515L55.6723 24.7C55.6549 24.4889 55.5632 24.2897 55.4123 24.1387C55.2439 23.9703 55.0155 23.8757 54.7773 23.8757H38.6135C37.899 23.8757 37.2138 23.5919 36.7086 23.0867C36.2034 22.5815 35.9195 21.8962 35.9195 21.1818V0.897988ZM7.14832 29.3108C7.14832 27.8825 8.3062 26.7246 9.73452 26.7246H20.9414C22.3697 26.7246 23.5276 27.8825 23.5276 29.3108C23.5276 30.7391 22.3697 31.897 20.9414 31.897H9.73452C8.3062 31.897 7.14832 30.7391 7.14832 29.3108ZM7.14832 42.2415C7.14832 40.8132 8.3062 39.6553 9.73452 39.6553H29.5621C30.9904 39.6553 32.1483 40.8132 32.1483 42.2415C32.1483 43.6698 30.9904 44.8277 29.5621 44.8277H9.73452C8.3062 44.8277 7.14832 43.6698 7.14832 42.2415ZM7.14819 55.1731C7.14819 53.7448 8.30608 52.5869 9.7344 52.5869H29.562C30.9903 52.5869 32.1482 53.7448 32.1482 55.1731C32.1482 56.6014 30.9903 57.7593 29.562 57.7593H9.7344C8.30608 57.7593 7.14819 56.6014 7.14819 55.1731Z" fill="currentColor"/>
<path d="M55.6753 48.9056V32.0221L43.4734 44.258L41.6535 52.1124C41.5907 52.3995 41.5929 52.697 41.6598 52.9832C41.7267 53.2694 41.8567 53.537 42.0403 53.7665C42.2239 53.996 42.4565 54.1816 42.721 54.3097C42.9855 54.4378 43.2753 54.5053 43.5692 54.507C43.7062 54.5209 43.8441 54.5209 43.9811 54.507L51.8834 52.6871L55.6753 48.9056Z" fill="currentColor"/>
<path d="M41.6079 3.01439C41.6079 2.38712 42.2378 1.98827 42.7045 2.38031C43.0994 2.71439 43.4551 3.10302 43.7587 3.5462L53.5921 17.8539C53.8141 18.1812 53.5725 18.6039 53.1874 18.6039H42.4238C42.2074 18.6039 41.9999 18.5141 41.8469 18.3543C41.6939 18.1945 41.6079 17.9777 41.6079 17.7517V3.01439Z" fill="currentColor"/>
<path d="M43.4734 44.258L41.6535 52.1124C41.5907 52.3995 41.5929 52.697 41.6598 52.9832C41.7267 53.2694 41.8567 53.537 42.0403 53.7665C42.2239 53.996 42.4565 54.1816 42.721 54.3097C42.9855 54.4378 43.2753 54.5053 43.5692 54.507C43.7062 54.5209 43.8441 54.5209 43.9811 54.507L51.8834 52.6871L65.7458 38.8623L57.2784 30.4141L43.4734 44.258Z" fill="currentColor"/>
<path d="M71.8259 30.0049L66.1745 24.3536C65.803 23.9839 65.3002 23.7764 64.7761 23.7764C64.2519 23.7764 63.7491 23.9839 63.3776 24.3536L60.2358 27.4953L68.6937 35.9532L71.8355 32.8114C72.0193 32.6266 72.1649 32.4074 72.264 32.1663C72.363 31.9251 72.4135 31.6668 72.4126 31.4062C72.4118 31.1455 72.3595 30.8876 72.2588 30.6471C72.1581 30.4067 72.011 30.1884 71.8259 30.0049Z" fill="currentColor"/>
</symbol><symbol viewBox="0 0 75 86" fill="none" id="guarantee-icon" xmlns="http://www.w3.org/2000/svg">
